0.7226846935679612,
0.7225211430521845,
0.7223101865898058,
0.7221940420206311,
0.7221418954793689,
0.7218835330703883,
0.7218669409890777,
0.7216867983919902,
0.7215185072815534,
0.7213668082524272,
0.7213194023058253,
0.7212032577366505,
0.7210823725728155,
0.7209164517597088,
0.7207291982706311,
0.7207173467839806,
0.7204850576456311,
0.7204068378337378,
0.7202717308859223,
0.720141364532767,
0.7199967763956311,
0.7199043347997572,
0.719750265473301,
0.7196886377427184,
0.7195393090109223,
0.7193994614684466,
0.7193141307645631,
0.719164802032767,
0.7190131030036407,
0.7189325128944175,
0.7187855544599514,
0.7186788910800971,
0.7185366732402912,
0.718408677184466,
0.7183091246966019,
0.7182190533980582,
0.7181029088288835,